Epoch:10
mAP_bbox: 0.5339355067197211
mAP_segm: 0.6059655601294638
AP_50_bbox: 0.9224170903801355
AP_50_segm: 0.9004131470941643
AP_75_bbox: 0.5879368704142068
AP_75_segm: 0.7355580751466724
AP_small_bbox: 0.054455445544554455
AP_small_segm: 0.04356435643564356
AP_m_bbox: 0.3881823480595475
AP_m_segm: 0.41254568085523075
AP_l_bbox: 0.6223916425190377
AP_l_segm: 0.7201393134613067
Epoch:20
mAP_bbox: 0.6838682359890175
mAP_segm: 0.6228545911218164
AP_50_bbox: 0.9853734609084827
AP_50_segm: 0.9515325853377048
AP_75_bbox: 0.8329723037318263
AP_75_segm: 0.6954449076342142
AP_small_bbox: 0.2618808327602103
AP_small_segm: 0.06286781309709918
AP_m_bbox: 0.6336081842564507
AP_m_segm: 0.5740512625230256
AP_l_bbox: 0.7242502305454697
AP_l_segm: 0.6668322671257546
Epoch:30
mAP_bbox: 0.7357882636226796
mAP_segm: 0.7323765061549824
AP_50_bbox: 0.9892290676106076
AP_50_segm: 0.9838244973571203
AP_75_bbox: 0.895493476117954
AP_75_segm: 0.8342873580371029
AP_small_bbox: 0.30339676358940243
AP_small_segm: 0.13658938009185534
AP_m_bbox: 0.7465266280253754
AP_m_segm: 0.6761720321163379
AP_l_bbox: 0.7487748709356413
AP_l_segm: 0.770133433565253
Epoch:40
mAP_bbox: 0.8140958854816905
mAP_segm: 0.7359465713732912
AP_50_bbox: 0.9994520206737655
AP_50_segm: 0.9759864305481625
AP_75_bbox: 0.9465300084473435
AP_75_segm: 0.8279393750861492
AP_small_bbox: 0.5770914394070986
AP_small_segm: 0.12384441574447672
AP_m_bbox: 0.7748368442869591
AP_m_segm: 0.6329765730560958
AP_l_bbox: 0.8278967539189097
AP_l_segm: 0.7806799190314173
